0	0
0.01	0.009999897192
0.02	0.01999917754
0.03	0.02999722425
0.04	0.03999342059
0.05	0.04998714994
0.06	0.05997779585
0.07	0.06996474205
0.08	0.0799473725
0.09	0.08992507141
0.1	0.09989722332
0.11	0.1098632131
0.12	0.119822426
0.13	0.1297742477
0.14	0.1397180643
0.15	0.1496532624
0.16	0.1595792292
0.17	0.1694953525
0.18	0.1794010204
0.19	0.189295622
0.2	0.199178547
0.21	0.2090491858
0.22	0.2189069294
0.23	0.2287511697
0.24	0.2385812997
0.25	0.2483967128
0.26	0.2581968036
0.27	0.2679809676
0.28	0.2777486014
0.29	0.2874991022
0.3	0.2972318688
0.31	0.3069463007
0.32	0.3166417987
0.33	0.3263177648
0.34	0.335973602
0.35	0.3456087148
0.36	0.3552225088
0.37	0.3648143911
0.38	0.3743837698
0.39	0.3839300548
0.4	0.3934526572
0.41	0.4029509896
0.42	0.4124244661
0.43	0.4218725022
0.44	0.4312945153
0.45	0.4406899242
0.46	0.4500581492
0.47	0.4593986124
0.48	0.4687107379
0.49	0.477993951
0.5	0.4872476792
0.51	0.4964713517
0.52	0.5056643994
0.53	0.5148262555
0.54	0.5239563546
0.55	0.5330541336
0.56	0.5421190313
0.57	0.5511504886
0.58	0.5601479483
0.59	0.5691108555
0.6	0.5780386572
0.61	0.5869308028
0.62	0.5957867437
0.63	0.6046059336
0.64	0.6133878287
0.65	0.6221318871
0.66	0.6308375694
0.67	0.6395043387
0.68	0.6481316604
0.69	0.6567190023
0.7	0.6652658346
0.71	0.6737716303
0.72	0.6822358645
0.73	0.6906580152
0.74	0.6990375628
0.75	0.7073739905
0.76	0.7156667841
0.77	0.723915432
0.78	0.7321194253
0.79	0.7402782581
0.8	0.748391427
0.81	0.7564584316
0.82	0.7644787743
0.83	0.7724519604
0.84	0.7803774979
0.85	0.7882548981
0.86	0.7960836751
0.87	0.8038633458
0.88	0.8115934305
0.89	0.8192734522
0.9	0.8269029374
0.91	0.8344814152
0.92	0.8420084183
0.93	0.8494834824
0.94	0.8569061463
0.95	0.8642759522
0.96	0.8715924455
0.97	0.8788551748
0.98	0.8860636923
0.99	0.8932175531
1	0.9003163161


0	0
0.01	0.009999588766
0.02	0.01999671028
0.03	0.02998889791
0.04	0.03997368623
0.05	0.04994861164
0.06	0.05991121297
0.07	0.06985903211
0.08	0.07978961458
0.09	0.08970051016
0.1	0.09958927347
0.11	0.1094534646
0.12	0.1192906498
0.13	0.1290984017
0.14	0.1388743006
0.15	0.1486159343
0.16	0.1583208993
0.17	0.1679868009
0.18	0.1776112543
0.19	0.1871918848
0.2	0.1967263285
0.21	0.2062122329
0.22	0.2156472576
0.23	0.2250290745
0.24	0.2343553688
0.25	0.2436238395
0.26	0.2528321996
0.27	0.2619781772
0.28	0.2710595155
0.29	0.280073974
0.3	0.2890193285
0.31	0.2978933717
0.32	0.3066939142
0.33	0.3154187846
0.34	0.3240658301
0.35	0.3326329172
0.36	0.3411179321
0.37	0.3495187813
0.38	0.3578333919
0.39	0.3660597125
0.4	0.3741957133
0.41	0.382239387
0.42	0.3901887488
0.43	0.3980418374
0.44	0.4057967151
0.45	0.4134514685
0.46	0.421004209
0.47	0.428453073
0.48	0.4357962226
0.49	0.443031846
0.5	0.4501581579
0.51	0.4571734
0.52	0.4640758415
0.53	0.4708637791
0.54	0.4775355382
0.55	0.4840894725
0.56	0.490523965
0.57	0.4968374281
0.58	0.5030283039
0.59	0.5090950651
0.6	0.5150362146
0.61	0.5208502867
0.62	0.5265358467
0.63	0.532091492
0.64	0.5375158516
0.65	0.5428075872
0.66	0.5479653931
0.67	0.5529879968
0.68	0.557874159
0.69	0.5626226741
0.7	0.5672323704
0.71	0.5717021107
0.72	0.576030792
0.73	0.5802173463
0.74	0.5842607407
0.75	0.5881599775
0.76	0.5919140947
0.77	0.5955221658
0.78	0.5989833008
0.79	0.6022966456
0.8	0.6054613828
0.81	0.6084767314
0.82	0.6113419475
0.83	0.6140563241
0.84	0.6166191914
0.85	0.6190299173
0.86	0.6212879067
0.87	0.6233926027
0.88	0.6253434859
0.89	0.6271400749
0.9	0.6287819265
0.91	0.6302686355
0.92	0.6315998352
0.93	0.6327751971
0.94	0.6337944312
0.95	0.634657286
0.96	0.6353635486
0.97	0.6359130448
0.98	0.6363056389
0.99	0.6365412342
1	0.6366197724


0	0
0.01	0.009999074725
0.02	0.01999259857
0.03	0.02997502373
0.04	0.03994080857
0.05	0.04988442068
0.06	0.05980033998
0.07	0.06968306175
0.08	0.07952709969
0.09	0.08932698899
0.1	0.09907728935
0.11	0.108772588
0.12	0.1184075026
0.13	0.1279766846
0.14	0.1374748217
0.15	0.146896641
0.16	0.1562369122
0.17	0.1654904502
0.18	0.1746521178
0.19	0.1837168291
0.2	0.1926795519
0.21	0.2015353107
0.22	0.2102791893
0.23	0.2189063336
0.24	0.2274119543
0.25	0.2357913296
0.26	0.2440398079
0.27	0.25215281
0.28	0.2601258321
0.29	0.267954448
0.3	0.2756343119
0.31	0.2831611602
0.32	0.2905308146
0.33	0.2977391838
0.34	0.3047822662
0.35	0.3116561519
0.36	0.318357025
0.37	0.3248811655
0.38	0.3312249516
0.39	0.3373848616
0.4	0.3433574759
0.41	0.3491394789
0.42	0.3547276608
0.43	0.3601189193
0.44	0.3653102616
0.45	0.3702988057
0.46	0.3750817823
0.47	0.3796565361
0.48	0.3840205276
0.49	0.3881713341
0.5	0.3921066513
0.51	0.3958242946
0.52	0.3993222002
0.53	0.4025984262
0.54	0.4056511539
0.55	0.4084786886
0.56	0.4110794607
0.57	0.4134520262
0.58	0.4155950682
0.59	0.4175073969
0.6	0.4191879508
0.61	0.4206357968
0.62	0.4218501313
0.63	0.42283028
0.64	0.423575699
0.65	0.4240859743
0.66	0.4243608227
0.67	0.4244000917
0.68	0.4242037593
0.69	0.4237719347
0.7	0.4231048575
0.71	0.422202898
0.72	0.4210665571
0.73	0.4196964654
0.74	0.4180933836
0.75	0.4162582016
0.76	0.4141919383
0.77	0.4118957406
0.78	0.4093708833
0.79	0.406618768
0.8	0.4036409225
0.81	0.400439
0.82	0.397014778
0.83	0.3933701574
0.84	0.3895071614
0.85	0.3854279346
0.86	0.3811347415
0.87	0.3766299654
0.88	0.3719161072
0.89	0.3669957836
0.9	0.3618717261
0.91	0.3565467793
0.92	0.3510238992
0.93	0.345306152
0.94	0.3393967116
0.95	0.3332988587
0.96	0.3270159783
0.97	0.3205515585
0.98	0.3139091879
0.99	0.3070925538
1	0.3001054405


0	0
0.01	0.009998355066
0.02	0.01998684296
0.03	0.02995560626
0.04	0.03989480699
0.05	0.04979463636
0.06	0.05964532444
0.07	0.06943714978
0.08	0.07916044905
0.09	0.0888056265
0.1	0.09836316353
0.11	0.107823628
0.12	0.1171776836
0.13	0.1264160989
0.14	0.1355297568
0.15	0.1445096632
0.16	0.153346956
0.17	0.1620329139
0.18	0.1705589649
0.19	0.1789166947
0.2	0.1870978554
0.21	0.1950943731
0.22	0.2028983562
0.23	0.2105021032
0.24	0.2178981099
0.25	0.2250790776
0.26	0.2320379193
0.27	0.2387677677
0.28	0.2452619811
0.29	0.2515141506
0.3	0.2575181059
0.31	0.263267922
0.32	0.2687579244
0.33	0.2739826952
0.34	0.2789370782
0.35	0.2836161839
0.36	0.2880153948
0.37	0.2921303692
0.38	0.2959570462
0.39	0.2994916493
0.4	0.3027306904
0.41	0.3056709728
0.42	0.3083095948
0.43	0.3106439526
0.44	0.3126717422
0.45	0.3143909626
0.46	0.3157999171
0.47	0.3168972152
0.48	0.317681774
0.49	0.3181528192
0.5	0.3183098861
0.51	0.3181528195
0.52	0.3176817745
0.53	0.3168972159
0.54	0.3157999181
0.55	0.3143909639
0.56	0.3126717437
0.57	0.3106439543
0.58	0.3083095968
0.59	0.305670975
0.6	0.3027306928
0.61	0.299491652
0.62	0.2959570491
0.63	0.2921303724
0.64	0.2880153982
0.65	0.2836161876
0.66	0.278937082
0.67	0.2739826993
0.68	0.2687579287
0.69	0.2632679265
0.7	0.2575181106
0.71	0.2515141555
0.72	0.2452619862
0.73	0.238767773
0.74	0.2320379248
0.75	0.2250790832
0.76	0.2178981158
0.77	0.2105021092
0.78	0.2028983624
0.79	0.1950943795
0.8	0.1870978619
0.81	0.1789167014
0.82	0.1705589716
0.83	0.1620329208
0.84	0.1533469631
0.85	0.1445096704
0.86	0.1355297641
0.87	0.1264161063
0.88	0.117177691
0.89	0.1078236356
0.9	0.09836317119
0.91	0.08880563425
0.92	0.07916045686
0.93	0.06943715766
0.94	0.05964533237
0.95	0.04979464434
0.96	0.03989481501
0.97	0.02995561432
0.98	0.01998685105
0.99	0.00999836317
1	8.114563126e-09


0	0
0.01	0.009997429791
0.02	0.01997944427
0.03	0.02993065189
0.04	0.03983570862
0.05	0.04967934158
0.06	0.05944637259
0.07	0.06912174162
0.08	0.07869052992
0.09	0.08813798314
0.1	0.09744953399
0.11	0.1066108247
0.12	0.1156077293
0.13	0.1244263751
0.14	0.1330531645
0.15	0.1414747956
0.16	0.1496782828
0.17	0.1576509769
0.18	0.1653805847
0.19	0.1728551876
0.2	0.1800632603
0.21	0.1869936886
0.22	0.1936357862
0.23	0.1999793114
0.24	0.206014483
0.25	0.2117319952
0.26	0.2171230321
0.27	0.222179281
0.28	0.2268929456
0.29	0.2312567577
0.3	0.2352639886
0.31	0.2389084596
0.32	0.242184551
0.33	0.2450872114
0.34	0.2476119652
0.35	0.2497549192
0.36	0.2515127693
0.37	0.2528828049
0.38	0.2538629136
0.39	0.2544515841
0.4	0.2546479087
0.41	0.2544515847
0.42	0.2538629148
0.43	0.2528828067
0.44	0.2515127717
0.45	0.2497549222
0.46	0.2476119688
0.47	0.2450872157
0.48	0.2421845558
0.49	0.2389084649
0.5	0.2352639946
0.51	0.2312567642
0.52	0.2268929526
0.53	0.2221792886
0.54	0.2171230402
0.55	0.2117320039
0.56	0.2060144921
0.57	0.199979321
0.58	0.1936357963
0.59	0.1869936992
0.6	0.1800632714
0.61	0.172855199
0.62	0.1653805966
0.63	0.1576509892
0.64	0.1496782954
0.65	0.1414748086
0.66	0.1330531779
0.67	0.1244263888
0.68	0.1156077432
0.69	0.1066108389
0.7	0.09744954848
0.71	0.08813799787
0.72	0.07869054487
0.73	0.06912175675
0.74	0.0594463879
0.75	0.04967935703
0.76	0.0398357242
0.77	0.02993066757
0.78	0.01997946003
0.79	0.009997445604
0.8	1.58456132e-08
0.81	-0.009997413937
0.82	-0.01997942843
0.83	-0.0299306361
0.84	-0.03983569289
0.85	-0.04967932594
0.86	-0.05944635707
0.87	-0.06912172622
0.88	-0.07869051469
0.89	-0.0881379681
0.9	-0.09744951915
0.91	-0.1066108101
0.92	-0.1156077149
0.93	-0.124426361
0.94	-0.1330531507
0.95	-0.1414747821
0.96	-0.1496782697
0.97	-0.1576509642
0.98	-0.1653805723
0.99	-0.1728551756
1	-0.1800632488


