0	0
0.01	0.009998355066
0.02	0.01998684296
0.03	0.02995560626
0.04	0.03989480699
0.05	0.04979463636
0.06	0.05964532443
0.07	0.06943714977
0.08	0.07916044903
0.09	0.08880562648
0.1	0.0983631635
0.11	0.107823628
0.12	0.1171776835
0.13	0.1264160988
0.14	0.1355297567
0.15	0.1445096631
0.16	0.1533469559
0.17	0.1620329138
0.18	0.1705589647
0.19	0.1789166946
0.2	0.1870978552
0.21	0.1950943729
0.22	0.202898356
0.23	0.2105021028
0.24	0.2178981096
0.25	0.2250790772
0.26	0.2320379189
0.27	0.2387677672
0.28	0.2452619806
0.29	0.25151415
0.3	0.2575181053
0.31	0.2632679213
0.32	0.2687579236
0.33	0.2739826944
0.34	0.2789370773
0.35	0.2836161829
0.36	0.2880153937
0.37	0.292130368
0.38	0.2959570449
0.39	0.299491648
0.4	0.3027306889
0.41	0.3056709712
0.42	0.3083095932
0.43	0.3106439508
0.44	0.3126717403
0.45	0.3143909606
0.46	0.315799915
0.47	0.316897213
0.48	0.3176817716
0.49	0.3181528168
0.5	0.3183098835
0.51	0.3181528168
0.52	0.3176817716
0.53	0.316897213
0.54	0.315799915
0.55	0.3143909606
0.56	0.3126717403
0.57	0.3106439508
0.58	0.3083095931
0.59	0.3056709712
0.6	0.3027306889
0.61	0.2994916479
0.62	0.2959570449
0.63	0.2921303679
0.64	0.2880153936
0.65	0.2836161829
0.66	0.2789370772
0.67	0.2739826943
0.68	0.2687579236
0.69	0.2632679212
0.7	0.2575181052
0.71	0.2515141499
0.72	0.2452619805
0.73	0.2387677671
0.74	0.2320379188
0.75	0.2250790771
0.76	0.2178981095
0.77	0.2105021028
0.78	0.2028983559
0.79	0.1950943728
0.8	0.1870978551
0.81	0.1789166945
0.82	0.1705589646
0.83	0.1620329137
0.84	0.1533469558
0.85	0.144509663
0.86	0.1355297566
0.87	0.1264160988
0.88	0.1171776834
0.89	0.1078236279
0.9	0.09836316343
0.91	0.08880562642
0.92	0.07916044897
0.93	0.06943714972
0.94	0.05964532438
0.95	0.04979463631
0.96	0.03989480694
0.97	0.02995560622
0.98	0.01998684293
0.99	0.009998355042
1	-1.762910651e-11


0	0
0.01	0.009993420262
0.02	0.01994740105
0.03	0.02982265855
0.04	0.03958021964
0.05	0.04918157567
0.06	0.05858883448
0.07	0.06776486993
0.08	0.07667346838
0.09	0.08527947167
0.1	0.09354891585
0.11	0.1014491652
0.12	0.108949041
0.13	0.1160189447
0.14	0.1226309747
0.15	0.1287590362
0.16	0.1343789446
0.17	0.1394685207
0.18	0.1440076783
0.19	0.1479785033
0.2	0.1513653248
0.21	0.1541547765
0.22	0.1563358497
0.23	0.1578999368
0.24	0.1588408649
0.25	0.1591549207
0.26	0.1588408648
0.27	0.1578999365
0.28	0.1563358493
0.29	0.154154776
0.3	0.1513653242
0.31	0.1479785025
0.32	0.1440076774
0.33	0.1394685197
0.34	0.1343789436
0.35	0.1287590351
0.36	0.1226309735
0.37	0.1160189435
0.38	0.1089490398
0.39	0.101449164
0.4	0.09354891464
0.41	0.0852794705
0.42	0.07667346726
0.43	0.06776486888
0.44	0.05858883353
0.45	0.04918157483
0.46	0.03958021892
0.47	0.02982265799
0.48	0.01994740066
0.49	0.009993420053
0.5	-4.176192378e-12
0.51	-0.009993420053
0.52	-0.01994740063
0.53	-0.02982265792
0.54	-0.0395802188
0.55	-0.04918157462
0.56	-0.05858883324
0.57	-0.06776486848
0.58	-0.07667346675
0.59	-0.08527946986
0.6	-0.09354891385
0.61	-0.101449163
0.62	-0.1089490387
0.63	-0.1160189422
0.64	-0.1226309721
0.65	-0.1287590334
0.66	-0.1343789417
0.67	-0.1394685177
0.68	-0.1440076752
0.69	-0.1479785001
0.7	-0.1513653216
0.71	-0.1541547732
0.72	-0.1563358464
0.73	-0.1578999334
0.74	-0.1588408615
0.75	-0.1591549174
0.76	-0.1588408614
0.77	-0.1578999332
0.78	-0.156335846
0.79	-0.1541547727
0.8	-0.1513653209
0.81	-0.1479784994
0.82	-0.1440076743
0.83	-0.1394685168
0.84	-0.1343789407
0.85	-0.1287590323
0.86	-0.1226309709
0.87	-0.116018941
0.88	-0.1089490375
0.89	-0.1014491618
0.9	-0.09354891264
0.91	-0.08527946868
0.92	-0.07667346562
0.93	-0.06776486743
0.94	-0.05858883227
0.95	-0.04918157377
0.96	-0.03958021808
0.97	-0.02982265735
0.98	-0.01994740023
0.99	-0.009993419835
1	8.352388225e-12


0	0
0.01	0.009985195574
0.02	0.01988176175
0.03	0.0296018559
0.04	0.0390592018
0.05	0.04816985536
0.06	0.05685294979
0.07	0.06503141333
0.08	0.07263265336
0.09	0.07958920075
0.1	0.0858393087
0.11	0.09132750081
0.12	0.0960050635
0.13	0.09983047842
0.14	0.1027697909
0.15	0.1047969114
0.16	0.1058938471
0.17	0.1060508615
0.18	0.105266561
0.19	0.103547907
0.2	0.1009101545
0.21	0.09737671638
0.22	0.09297895564
0.23	0.08775590716
0.24	0.08175393108
0.25	0.07502630139
0.26	0.067632733
0.27	0.05963885176
0.28	0.05111561193
0.29	0.0421386664
0.3	0.03278769516
0.31	0.02314569812
0.32	0.01329825832
0.33	0.00333278233
0.34	-0.006662275574
0.35	-0.01659819855
0.36	-0.02638679465
0.37	-0.03594117959
0.38	-0.04517654799
0.39	-0.05401092606
0.4	-0.06236589925
0.41	-0.07016730822
0.42	-0.07734590712
0.43	-0.08383797821
0.44	-0.08958589741
0.45	-0.09453864579
0.46	-0.09865226241
0.47	-0.1018902345
0.48	-0.1042238217
0.49	-0.1056323108
0.5	-0.1061032001
0.51	-0.1056323098
0.52	-0.1042238197
0.53	-0.1018902316
0.54	-0.09865225857
0.55	-0.09453864119
0.56	-0.08958589218
0.57	-0.0838379725
0.58	-0.0773459011
0.59	-0.07016730208
0.6	-0.06236589318
0.61	-0.05401092029
0.62	-0.04517654272
0.63	-0.03594117505
0.64	-0.02638679105
0.65	-0.01659819613
0.66	-0.006662274537
0.67	0.003332781779
0.68	0.01329825599
0.69	0.02314569385
0.7	0.03278768879
0.71	0.04213865779
0.72	0.051115601
0.73	0.05963883842
0.74	0.06763271722
0.75	0.07502628315
0.76	0.08175391041
0.77	0.08775588412
0.78	0.09297893033
0.79	0.09737668893
0.8	0.1009101251
0.81	0.1035478758
0.82	0.1052665283
0.83	0.1060508275
0.84	0.1058938121
0.85	0.1047968758
0.86	0.1027697549
0.87	0.0998304425
0.88	0.09600502803
0.89	0.09132746617
0.9	0.08583927531
0.91	0.07958916902
0.92	0.0726326237
0.93	0.06503138614
0.94	0.05685292546
0.95	0.04816983428
0.96	0.03905918433
0.97	0.02960184237
0.98	0.01988175247
0.99	0.009985190816
1	-1.40760667e-13


0	0
0.01	0.009973680946
0.02	0.01979007045
0.03	0.02929435818
0.04	0.03833665589
0.05	0.04677436115
0.06	0.05447440636
0.07	0.06131535724
0.08	0.06718932796
0.09	0.07200368255
0.1	0.07568249582
0.11	0.07816775075
0.12	0.07942025346
0.13	0.07942025129
0.14	0.07816774435
0.15	0.07568248549
0.16	0.07200366879
0.17	0.06718931145
0.18	0.06131533883
0.19	0.05447438703
0.2	0.046774342
0.21	0.0383366381
0.22	0.02929434299
0.23	0.0197900591
0.24	0.009973674685
0.25	-1.7985613e-14
0.26	-0.009973674141
0.27	-0.01979005694
0.28	-0.0292943382
0.29	-0.03833662973
0.3	-0.04677432924
0.31	-0.05447436919
0.32	-0.0613153154
0.33	-0.06718928211
0.34	-0.07200363342
0.35	-0.07568244418
0.36	-0.07816769742
0.37	-0.07942019927
0.38	-0.0794201971
0.39	-0.07816769102
0.4	-0.07568243385
0.41	-0.07200361966
0.42	-0.06718926561
0.43	-0.06131529699
0.44	-0.05447434986
0.45	-0.04677431009
0.46	-0.03833661195
0.47	-0.02929432301
0.48	-0.0197900456
0.49	-0.00997366788
0.5	3.596081766e-14
0.51	0.009973667336
0.52	0.01979004344
0.53	0.02929431821
0.54	0.03833660357
0.55	0.04677429732
0.56	0.05447433202
0.57	0.06131527357
0.58	0.06718923627
0.59	0.07200358429
0.6	0.07568239254
0.61	0.07816764408
0.62	0.07942014508
0.63	0.07942014291
0.64	0.07816763768
0.65	0.07568238221
0.66	0.07200357053
0.67	0.06718921977
0.68	0.06131525516
0.69	0.05447431269
0.7	0.04677427817
0.71	0.03833658579
0.72	0.02929430302
0.73	0.0197900321
0.74	0.009973661075
0.75	-5.39499001e-14
0.76	-0.009973660531
0.77	-0.01979002994
0.78	-0.02929429822
0.79	-0.03833657742
0.8	-0.04677426541
0.81	-0.05447429485
0.82	-0.06131523173
0.83	-0.06718919043
0.84	-0.07200353516
0.85	-0.0756823409
0.86	-0.07816759075
0.87	-0.07942009089
0.88	-0.07942008872
0.89	-0.07816758435
0.9	-0.07568233057
0.91	-0.07200352141
0.92	-0.06718917392
0.93	-0.06131521332
0.94	-0.05447427553
0.95	-0.04677424626
0.96	-0.03833655963
0.97	-0.02929428303
0.98	-0.01979001859
0.99	-0.00997365427
1	7.193898255e-14


0	0
0.01	0.009958876235
0.02	0.01967252984
0.03	0.0289017785
0.04	0.03741936761
0.05	0.04501556602
0.06	0.05150333034
0.07	0.05672291051
0.08	0.06054578344
0.09	0.0628778176
0.1	0.06366159088
0.11	0.06287780452
0.12	0.06054575825
0.13	0.05672287512
0.14	0.05150328749
0.15	0.04501551921
0.16	0.03741932091
0.17	0.02890173642
0.18	0.01967249711
0.19	0.009958857593
0.2	7.190741058e-13
0.21	-0.00995885552
0.22	-0.01967248892
0.23	-0.02890171838
0.24	-0.03741928978
0.25	-0.04501547239
0.26	-0.05150322321
0.27	-0.05672279253
0.28	-0.06054565751
0.29	-0.06287768681
0.3	-0.06366145847
0.31	-0.06287767374
0.32	-0.06054563232
0.33	-0.05672275714
0.34	-0.05150318036
0.35	-0.04501542558
0.36	-0.03741924308
0.37	-0.02890167631
0.38	-0.01967245619
0.39	-0.009958836879
0.4	-1.438136069e-12
0.41	0.009958834805
0.42	0.019672448
0.43	0.02890165827
0.44	0.03741921194
0.45	0.04501537876
0.46	0.05150311609
0.47	0.05672267455
0.48	0.06054553157
0.49	0.06287755603
0.5	0.06366132605
0.51	0.06287754295
0.52	0.06054550639
0.53	0.05672263916
0.54	0.05150307324
0.55	0.04501533195
0.56	0.03741916525
0.57	0.02890161619
0.58	0.01967241527
0.59	0.009958816166
0.6	2.157196297e-12
0.61	-0.00995881409
0.62	-0.01967240708
0.63	-0.02890159815
0.64	-0.03741913411
0.65	-0.04501528513
0.66	-0.05150300896
0.67	-0.05672255657
0.68	-0.06054540564
0.69	-0.06287742525
0.7	-0.06366119364
0.71	-0.06287741217
0.72	-0.06054538045
0.73	-0.05672252118
0.74	-0.05150296611
0.75	-0.04501523832
0.76	-0.03741908742
0.77	-0.02890155608
0.78	-0.01967237435
0.79	-0.009958795452
0.8	-2.876259994e-12
0.81	0.009958793375
0.82	0.01967236616
0.83	0.02890153804
0.84	0.03741905628
0.85	0.0450151915
0.86	0.05150290184
0.87	0.05672243859
0.88	0.06054527971
0.89	0.06287729446
0.9	0.06366106123
0.91	0.06287728138
0.92	0.06054525452
0.93	0.05672240319
0.94	0.05150285899
0.95	0.04501514469
0.96	0.03741900959
0.97	0.02890149596
0.98	0.01967233344
0.99	0.009958774739
1	3.595318487e-12


